                                                       NLay: 100
                                                       NLev: 101
                                                      NChan:  13
                                                 NAngleBins:   1
                                            Angle Bin Range: -60   0  60
                                                      CFREQ:     10.6500     10.6500     18.7000     18.7000     23.8000     36.5000     36.5000     89.0000     89.0000    166.0000    166.0000    183.3100    183.3100
                                               Polarization:  4  5  4  5  4  4  5  4  5  4  5  4  4
                                     Layer-based press grid:    0.011    0.027    0.057    0.107    0.181    0.285    0.425    0.610    0.845    1.136    1.492    1.920    2.427    3.020    3.708    4.498    5.399    6.417    7.561    8.839   10.258   11.826   13.552   15.444   17.508   19.753   22.188   24.818   27.652   30.697   33.963   37.454   41.178   45.144   49.358   53.827   58.557   63.557   68.833   74.390   80.236   86.376   92.817   99.565  106.627  114.007  121.712  129.746  138.115  146.826  155.881  165.287  175.048  185.169  195.655  206.508  217.734  229.337  241.321  253.689  266.444  279.591  293.131  307.068  321.406  336.146  351.292  366.845  382.809  399.184  415.972  433.176  450.797  468.836  487.296  506.175  525.476  545.199  565.346  585.916  606.909  628.326  650.166  672.430  695.116  718.225  741.757  765.709  790.080  814.871  840.079  865.704  891.743  918.195  945.057  972.329 1000.008 1028.090 1056.574 1085.458
                                     Level-based press grid:    0.005    0.016    0.038    0.077    0.137    0.224    0.345    0.506    0.714    0.975    1.297    1.687    2.153    2.701    3.340    4.077    4.920    5.878    6.957    8.165    9.512   11.004   12.649   14.456   16.432   18.585   20.922   23.453   26.183   29.121   32.274   35.651   39.257   43.100   47.188   51.528   56.126   60.989   66.125   71.540   77.240   83.231   89.520   96.114  103.017  110.237  117.777  125.646  133.846  142.385  151.266  160.496  170.078  180.018  190.320  200.989  212.028  223.441  235.234  247.408  259.969  272.919  286.262  300.000  314.137  328.675  343.618  358.966  374.724  390.893  407.474  424.470  441.882  459.712  477.961  496.630  515.720  535.232  555.167  575.525  596.306  617.511  639.140  661.192  683.667  706.565  729.886  753.628  777.790  802.371  827.371  852.788  878.620  904.866  931.524  958.591  986.067 1013.948 1042.232 1070.917 1100.000
        ----------------------------------------------------
                             Regression-based Algorithm for:                            em
     Surface Background [0:ocean,1:sea-ice, 2:Land, 3:Snow]:   2 
                                            AngleBin Center:   1
                          Number of element(s) for this EDR:  13
                            Number of Independent variables:   2
                                      Independent variables: TBs + abs(angle) + CLW + Lati
                                      Channels Indexes Used:  1  2  3  4  5  6  7  8  9 10 11 12 13
                                       TB Form Indexes Used:  0  0  0  0  0  0  0  0  0  0  0  0  0
   Regression stability [0:success, 1:error, 2:small pivot]:   0   0   0   0   0   0   0   0   0   0   0   0   0
                 Multilinear-Regreesion Perf. (correlation):      0.9441      0.9518      0.9633      0.8642      0.9734      0.9893      0.9290      0.9884      0.9347      0.9808      0.9435      0.9767      0.9767
            Element#   1
 a0,1,2...n:     0.64124     0.00239    -0.00168
      corr.:    -0.51110    -0.67858
            Element#   2
 a0,1,2...n:     0.42468     0.00289    -0.00142
      corr.:     0.03502    -0.66035
            Element#   3
 a0,1,2...n:     1.02030     0.00055    -0.00187
      corr.:    -0.71341    -0.93777
            Element#   4
 a0,1,2...n:     0.83807     0.00048    -0.00207
      corr.:    -0.51215    -0.82784
            Element#   5
 a0,1,2...n:     1.21093     0.00026    -0.00231
      corr.:    -0.76878    -0.96205
            Element#   6
 a0,1,2...n:     1.39796     0.00064    -0.00307
      corr.:    -0.74082    -0.98166
            Element#   7
 a0,1,2...n:     1.24071     0.00068    -0.00342
      corr.:    -0.52952    -0.90581
            Element#   8
 a0,1,2...n:     1.66066     0.00023    -0.00333
      corr.:    -0.87521    -0.98700
            Element#   9
 a0,1,2...n:     1.85868     0.00032    -0.00505
      corr.:    -0.74067    -0.92796
            Element#  10
 a0,1,2...n:     1.47780    -0.00007    -0.00224
      corr.:    -0.90548    -0.98073
            Element#  11
 a0,1,2...n:     1.65841    -0.00040    -0.00339
      corr.:    -0.89134    -0.94067
            Element#  12
 a0,1,2...n:     1.44762    -0.00006    -0.00211
      corr.:    -0.46880    -0.97645
            Element#  13
 a0,1,2...n:     1.44726    -0.00008    -0.00209
      corr.:    -0.67044    -0.97645
