                                                       NLay: 100
                                                       NLev: 101
                                                      NChan:  24
                                                 NAngleBins:   1
                                            Angle Bin Range:   0  30
                                                      CFREQ:     50.3000     52.8000     53.5960     54.4000     55.5000     57.2900     59.4000    150.0000    183.3100    183.3100    183.3100     19.3500     19.3500     22.2350     37.0000     37.0000     91.6550     91.6550     63.2830     60.7920     60.7920     60.7920     60.7920     60.7920
                                               Polarization:  5  5  5  5  5  2  2  5  5  5  5  5  4  4  5  4  4  5  2  2  2  2  2  2
                                     Layer-based press grid:    0.011    0.027    0.057    0.107    0.181    0.285    0.425    0.610    0.845    1.136    1.492    1.920    2.427    3.020    3.708    4.498    5.399    6.417    7.561    8.839   10.258   11.826   13.552   15.444   17.508   19.753   22.188   24.818   27.652   30.697   33.963   37.454   41.178   45.144   49.358   53.827   58.557   63.557   68.833   74.390   80.236   86.376   92.817   99.565  106.627  114.007  121.712  129.746  138.115  146.826  155.881  165.287  175.048  185.169  195.655  206.508  217.734  229.337  241.321  253.689  266.444  279.591  293.131  307.068  321.406  336.146  351.292  366.845  382.809  399.184  415.972  433.176  450.797  468.836  487.296  506.175  525.476  545.199  565.346  585.916  606.909  628.326  650.166  672.430  695.116  718.225  741.757  765.709  790.080  814.871  840.079  865.704  891.743  918.195  945.057  972.329 1000.008 1028.090 1056.574 1085.458
                                     Level-based press grid:    0.005    0.016    0.038    0.077    0.137    0.224    0.345    0.506    0.714    0.975    1.297    1.687    2.153    2.701    3.340    4.077    4.920    5.878    6.957    8.165    9.512   11.004   12.649   14.456   16.432   18.585   20.922   23.453   26.183   29.121   32.274   35.651   39.257   43.100   47.188   51.528   56.126   60.989   66.125   71.540   77.240   83.231   89.520   96.114  103.017  110.237  117.777  125.646  133.846  142.385  151.266  160.496  170.078  180.018  190.320  200.989  212.028  223.441  235.234  247.408  259.969  272.919  286.262  300.000  314.137  328.675  343.618  358.966  374.724  390.893  407.474  424.470  441.882  459.712  477.961  496.630  515.720  535.232  555.167  575.525  596.306  617.511  639.140  661.192  683.667  706.565  729.886  753.628  777.790  802.371  827.371  852.788  878.620  904.866  931.524  958.591  986.067 1013.948 1042.232 1070.917 1100.000
        ----------------------------------------------------
                             Regression-based Algorithm for:                            em
     Surface Background [0:ocean,1:sea-ice, 2:Land, 3:Snow]:   3
                                            AngleBin Center:   1
                          Number of element(s) for this EDR:  24
                            Number of Independent variables:   2
                                      Independent variables: TBs + abs(angle) + CLW + Lati
                                      Channels Indexes Used:  1  2  3  4  5  6  7  8  9 10 11 12 13 14 15 16 17 18 19 20 21 22 23 24
                                       TB Form Indexes Used:  0  0  0  0  0  0  0  0  0  0  0  0  0  0  0  0  0  0  0  0  0  0  0  0
   Regression stability [0:success, 1:error, 2:small pivot]:   0   0   0   0   0   0   0   0   0   0   0   0   0   0   0   0   0   0   0   0   0   0   0   0
                 Multilinear-Regreesion Perf. (correlation):      0.9238      0.9199      0.9203      0.9227      0.9222      0.9792      0.9821      0.9273      0.9326      0.9329      0.9334      0.8362      0.9704      0.9733      0.9192      0.9900      0.9836      0.9303      0.9809      0.9808      0.9797      0.9798      0.9805      0.9826
            Element#   1
 a0,1,2...n:     1.29139     0.00075    -0.00375
      corr.:    -0.77835    -0.91832
            Element#   2
 a0,1,2...n:     1.30341    -0.00022    -0.00299
      corr.:    -0.88044    -0.91977
            Element#   3
 a0,1,2...n:     1.28094     0.00024    -0.00330
      corr.:    -0.84969    -0.92018
            Element#   4
 a0,1,2...n:     1.09217     0.00118    -0.00337
      corr.:    -0.49426    -0.92058
            Element#   5
 a0,1,2...n:     1.14527     0.00048    -0.00297
      corr.:     0.81806    -0.92108
            Element#   6
 a0,1,2...n:     1.35784     0.00023    -0.00297
      corr.:     0.88469    -0.97888
            Element#   7
 a0,1,2...n:     1.24427     0.00071    -0.00293
      corr.:     0.75176    -0.97939
            Element#   8
 a0,1,2...n:     1.81411     0.00026    -0.00466
      corr.:    -0.85103    -0.92553
            Element#   9
 a0,1,2...n:     1.63339     0.00008    -0.00380
      corr.:    -0.61391    -0.93258
            Element#  10
 a0,1,2...n:     1.62011     0.00015    -0.00382
      corr.:    -0.44394    -0.93258
            Element#  11
 a0,1,2...n:     1.60310     0.00022    -0.00380
      corr.:    -0.23707    -0.93258
            Element#  12
 a0,1,2...n:     0.76040     0.00026    -0.00174
      corr.:    -0.59642    -0.81863
            Element#  13
 a0,1,2...n:     1.03886     0.00043    -0.00184
      corr.:    -0.75414    -0.95096
            Element#  14
 a0,1,2...n:     1.15366     0.00023    -0.00208
      corr.:    -0.79106    -0.96242
            Element#  15
 a0,1,2...n:     1.15280     0.00053    -0.00306
      corr.:    -0.59855    -0.90388
            Element#  16
 a0,1,2...n:     1.39635     0.00067    -0.00307
      corr.:    -0.75245    -0.98192
            Element#  17
 a0,1,2...n:     1.67290     0.00032    -0.00343
      corr.:    -0.87900    -0.98115
            Element#  18
 a0,1,2...n:     1.75037     0.00026    -0.00464
      corr.:    -0.77576    -0.92572
            Element#  19
 a0,1,2...n:     1.58085    -0.00043    -0.00319
      corr.:    -0.34867    -0.98019
            Element#  20
 a0,1,2...n:     1.53710    -0.00035    -0.00314
      corr.:    -0.37908    -0.97970
            Element#  21
 a0,1,2...n:     1.48418    -0.00002    -0.00319
      corr.:    -0.10528    -0.97970
            Element#  22
 a0,1,2...n:     1.46441     0.00007    -0.00320
      corr.:    -0.19563    -0.97970
            Element#  23
 a0,1,2...n:     1.43568     0.00023    -0.00324
      corr.:    -0.25682    -0.97970
            Element#  24
 a0,1,2...n:     1.36300     0.00053    -0.00322
      corr.:    -0.00724    -0.97970
