      Number of Channels:    399
     Central Frequencies:
                          666.250  666.875  668.750  669.375  670.000  672.500  680.000  681.250  682.500  686.250  687.500  688.750  689.375  690.000  691.250
                          692.500  693.750  695.000  696.250  698.750  699.375  700.000  701.250  702.500  703.750  704.375  705.000  707.500  708.750  709.375
                          711.250  712.500  713.125  714.375  715.625  716.250  718.750  720.000  721.875  724.375  726.250  726.875  727.500  728.125  730.625
                          731.875  732.500  734.375  735.000  735.625  738.125  738.750  739.375  740.000  741.250  741.875  743.125  743.750  745.000  745.625
                          746.250  747.500  748.125  748.750  749.375  750.000  750.625  751.250  751.875  752.500  753.125  754.375  755.625  756.250  757.500
                          758.750  762.500  763.750  773.125  779.375  781.250  784.375  789.375  791.875  796.875  798.125  800.625  804.375  815.625  816.875
                          823.750  826.250  843.750  847.500  855.625  857.500  858.125  860.625  861.875  862.500  863.125  867.500  869.375  873.125  875.000
                          876.875  878.125  878.750  879.375  885.625  893.125  893.750  894.375  895.625  896.250  896.875  897.500  898.125  898.750  901.875
                          916.250  928.750  939.375  945.000  950.625  951.875  962.500  980.000  996.875  997.500  998.125  999.375 1000.000 1000.625 1001.875
                         1002.500 1003.125 1005.000 1007.500 1008.125 1010.000 1011.875 1012.500 1014.375 1015.000 1016.250 1018.125 1018.750 1020.625 1022.500
                         1023.125 1025.000 1026.875 1028.750 1031.250 1033.125 1034.375 1035.000 1036.250 1038.125 1040.625 1041.875 1045.625 1047.500 1048.125
                         1049.375 1050.000 1050.625 1051.875 1053.125 1053.750 1055.625 1056.250 1056.875 1058.125 1058.750 1060.000 1061.250 1063.750 1066.250
                         1068.125 1091.250 1093.125 1095.000 1212.500 1230.000 1236.250 1237.500 1241.250 1246.250 1247.500 1250.000 1252.500 1256.250 1260.000
                         1261.250 1262.500 1263.750 1265.000 1267.500 1268.750 1270.000 1271.250 1275.000 1276.250 1277.500 1281.250 1282.500 1283.750 1287.500
                         1288.750 1290.000 1291.250 1292.500 1295.000 1296.250 1297.500 1298.750 1300.000 1301.250 1302.500 1303.750 1305.000 1306.250 1307.500
                         1310.000 1312.500 1315.000 1317.500 1320.000 1321.250 1322.500 1325.000 1326.250 1327.500 1328.750 1331.250 1332.500 1335.000 1337.500
                         1341.250 1342.500 1343.750 1345.000 1346.250 1347.500 1348.750 1350.000 1351.250 1352.500 1353.750 1355.000 1356.250 1357.500 1358.750
                         1360.000 1361.250 1362.500 1365.000 1366.250 1367.500 1370.000 1371.250 1372.500 1373.750 1375.000 1376.250 1377.500 1378.750 1380.000
                         1381.250 1382.500 1383.750 1385.000 1387.500 1393.750 1395.000 1397.500 1398.750 1400.000 1401.250 1403.750 1406.250 1407.500 1410.000
                         1412.500 1415.000 1416.250 1417.500 1422.500 1425.000 1426.250 1427.500 1428.750 1430.000 1442.500 1468.750 1472.500 1476.250 1498.750
                         1556.250 1560.000 1576.250 1586.250 1605.000 1685.000 1700.000 1730.000 1732.500 1733.750 1736.250 1745.000 2155.000 2157.500 2160.000
                         2162.500 2165.000 2167.500 2170.000 2172.500 2175.000 2177.500 2180.000 2182.500 2185.000 2187.500 2190.000 2192.500 2195.000 2197.500
                         2200.000 2202.500 2205.000 2207.500 2210.000 2212.500 2215.000 2217.500 2220.000 2222.500 2225.000 2230.000 2232.500 2235.000 2237.500
                         2240.000 2255.000 2260.000 2262.500 2267.500 2270.000 2272.500 2277.500 2280.000 2282.500 2285.000 2287.500 2292.500 2295.000 2297.500
                         2302.500 2305.000 2307.500 2312.500 2317.500 2322.500 2325.000 2330.000 2332.500 2337.500 2342.500 2347.500 2352.500 2357.500 2360.000
                         2365.000 2367.500 2372.500 2375.000 2377.500 2380.000 2382.500 2385.000 2390.000 2392.500 2395.000 2397.500 2400.000 2405.000 2412.500
                         2462.500 2465.000 2492.500 2500.000 2507.500 2512.500 2520.000 2532.500 2540.000
  Channel Polarization:
                         0 0 0 0 0 0 0 0 0 0 0 0 0 0 0 0 0 0 0 0
                         0 0 0 0 0 0 0 0 0 0 0 0 0 0 0 0 0 0 0 0
                         0 0 0 0 0 0 0 0 0 0 0 0 0 0 0 0 0 0 0 0
                         0 0 0 0 0 0 0 0 0 0 0 0 0 0 0 0 0 0 0 0
                         0 0 0 0 0 0 0 0 0 0 0 0 0 0 0 0 0 0 0 0
                         0 0 0 0 0 0 0 0 0 0 0 0 0 0 0 0 0 0 0 0
                         0 0 0 0 0 0 0 0 0 0 0 0 0 0 0 0 0 0 0 0
                         0 0 0 0 0 0 0 0 0 0 0 0 0 0 0 0 0 0 0 0
                         0 0 0 0 0 0 0 0 0 0 0 0 0 0 0 0 0 0 0 0
                         0 0 0 0 0 0 0 0 0 0 0 0 0 0 0 0 0 0 0 0
                         0 0 0 0 0 0 0 0 0 0 0 0 0 0 0 0 0 0 0 0
                         0 0 0 0 0 0 0 0 0 0 0 0 0 0 0 0 0 0 0 0
                         0 0 0 0 0 0 0 0 0 0 0 0 0 0 0 0 0 0 0 0
                         0 0 0 0 0 0 0 0 0 0 0 0 0 0 0 0 0 0 0 0
                         0 0 0 0 0 0 0 0 0 0 0 0 0 0 0 0 0 0 0 0
                         0 0 0 0 0 0 0 0 0 0 0 0 0 0 0 0 0 0 0 0
                         0 0 0 0 0 0 0 0 0 0 0 0 0 0 0 0 0 0 0 0
                         0 0 0 0 0 0 0 0 0 0 0 0 0 0 0 0 0 0 0 0
                         0 0 0 0 0 0 0 0 0 0 0 0 0 0 0 0 0 0 0 0
                         0 0 0 0 0 0 0 0 0 0 0 0 0 0 0 0 0 0 0
  Local Zenith  Min Angl:
                             0.000   
  Local Zenith  Max Angl:
                             60.000   
       Secant_view_angle:
                             0.000
      Secant_solar_angle:
                             0.000
