OPPARAINTZ=  250  -70  224    23.8   65.1  -41.3    0.4
OPPARAINTZ=  300  -81  285    17.8   56.9  -39.2    0.3
OPPARAINTZ=  400  -81  159    16.7   35.4  -18.8    0.5
OPPARAINTZ=  150   32   81    12.7   23.6  -10.9    0.5
OPPARAINTZ=  150  -26  298    12.5   23.7  -11.2    0.5
OPPARAINTZ=  400  -62   62    12.4   92.1  -79.7    0.1
OPPARAINTZ=  250   35  266     9.9   59.2  -49.3    0.2
OPPARAINTZ=  400  -47  288     9.7   29.2  -19.5    0.3
OPPARAINTW=  500  -40  101     7.0   18.5  -11.6    0.4
OPPARAINTW=  500  -39  170     6.9    9.4   -2.5    0.7
OPPARAINTW=  250  -32  219     6.8   11.6   -4.8    0.6
