                              616

                          648.750  652.000  652.750  653.500  654.250  655.000  655.750  656.500  657.000  657.250  657.500  658.000  658.500  658.750  659.000
                          659.500  660.000  660.250  660.500  661.250  661.750  662.250  662.750  663.250  663.750  664.250  664.500  665.000  665.250  665.500
                          665.750  666.000  666.250  666.500  667.000  667.750  668.000  668.500  669.000  669.500  670.000  670.500  670.750  671.250  672.000
                          672.250  672.500  673.000  673.750  674.500  675.250  676.000  676.750  677.500  678.000  678.500  679.250  680.000  680.750  681.250
                          681.750  682.250  682.500  683.250  684.000  684.500  684.750  685.000  685.500  686.500  687.250  688.000  688.750  689.500  689.750
                          691.000  691.500  692.500  693.000  694.000  694.500  694.750  695.250  695.500  696.000  696.500  697.250  697.750  698.000  698.250
                          699.000  699.250  699.500  700.250  700.750  701.000  701.250  701.750  702.250  702.500  702.750  703.750  704.000  704.500  705.500
                          706.250  707.000  707.750  708.250  709.500  709.750  710.250  711.000  711.500  712.000  713.500  714.500  715.250  716.000  718.250
                          718.750  719.500  719.750  720.500  721.250  722.000  723.000  724.750  725.500  726.250  726.500  727.000  727.750  728.500  731.000
                          731.500  732.250  733.250  733.750  734.750  735.500  736.250  737.500  737.750  738.000  738.500  739.000  739.500  740.000  740.500
                          741.250  742.000  744.250  745.000  745.750  746.000  746.500  746.750  747.250  747.500  748.250  748.750  749.250  750.500  751.250
                          751.750  752.750  753.000  753.250  754.500  755.250  756.000  757.250  759.000  759.500  762.750  764.000  765.500  772.000  773.500
                          781.250  782.750  784.500  786.250  787.500  788.000  789.250  790.750  793.250  801.000  806.250  810.250  811.750  821.000  829.500
                          833.750  844.000  861.500  871.250  875.000  901.500  906.250  917.250  919.250  925.000  928.000  938.000  942.500  943.250  950.250
                          962.500  965.500  979.250  997.000  998.250  999.750 1000.750 1001.500 1002.250 1003.250 1004.750 1005.250 1006.000 1007.250 1008.250
                         1009.750 1010.500 1012.000 1013.250 1014.500 1015.500 1016.500 1018.250 1018.750 1020.250 1021.000 1022.000 1022.250 1023.000 1024.250
                         1025.000 1026.250 1027.000 1027.750 1028.750 1029.000 1030.000 1031.000 1031.750 1033.000 1034.750 1036.750 1038.250 1039.500 1040.500
                         1041.000 1041.500 1046.250 1051.250 1054.500 1055.500 1057.750 1059.250 1059.500 1061.250 1062.500 1063.500 1065.000 1068.250 1069.000
                         1072.250 1091.250 1092.500 1096.000 1104.500 1115.750 1123.000 1131.250 1131.500 1142.500 1149.500 1168.250 1174.500 1198.000 1204.500
                         1212.500 1217.000 1225.000 1228.000 1231.250 1232.000 1232.750 1234.500 1236.500 1238.250 1244.250 1251.250 1285.250 1320.000 1330.000
                         1331.000 1334.750 1349.500 1367.000 1371.500 1372.250 1374.500 1375.000 1379.500 1380.750 1381.000 1381.750 1382.500 1384.250 1387.500
                         1389.000 1391.000 1391.750 1392.250 1392.500 1393.000 1395.250 1396.750 1398.250 1401.500 1402.000 1402.250 1403.750 1406.500 1407.000
                         1407.750 1408.000 1408.500 1409.250 1410.750 1412.000 1416.500 1418.000 1419.250 1421.000 1421.500 1422.250 1423.750 1426.500 1427.000
                         1428.750 1431.250 1432.500 1434.750 1436.000 1436.750 1438.500 1439.250 1442.000 1446.500 1451.750 1455.750 1456.750 1457.750 1458.750
                         1460.500 1465.000 1468.500 1470.500 1472.000 1472.750 1475.250 1476.250 1483.250 1486.250 1488.500 1489.250 1497.500 1498.750 1502.750
                         1504.250 1504.750 1505.250 1505.750 1506.250 1506.750 1507.250 1507.750 1508.250 1509.250 1511.500 1513.750 1515.750 1517.500 1519.000
                         1519.500 1520.750 1521.250 1522.000 1524.250 1526.500 1533.500 1538.500 1539.000 1539.750 1540.250 1541.250 1542.000 1544.500 1547.250
                         1551.250 1554.250 1556.250 1558.000 1559.250 1560.000 1563.000 1567.000 1569.750 1572.250 1576.250 1585.500 1598.250 1605.000 1616.750
                         1652.750 1659.500 1661.750 1665.250 1668.500 1684.750 1703.250 1709.000 1747.500 1769.250 1774.750 1782.750 1786.500 1796.750 1806.250
                         1819.250 1846.750 1857.000 1874.750 1879.500 1881.500 1886.500 1892.500 1893.750 1898.500 1901.750 1908.750 1926.750 1927.250 1930.750
                         1937.250 1939.250 1940.500 1941.750 1942.500 1986.750 1987.500 1989.500 1990.000 1990.500 1994.000 1994.500 1995.000 1995.500 1996.000
                         2006.250 2008.500 2012.750 2014.750 2015.500 2016.000 2017.750 2019.000 2020.250 2021.500 2022.000 2024.000 2026.750 2034.250 2069.000
                         2073.250 2082.000 2086.250 2091.000 2094.250 2094.500 2095.000 2099.000 2103.000 2103.250 2103.750 2107.000 2107.500 2107.750 2111.000
                         2112.000 2115.000 2115.750 2119.000 2119.750 2123.750 2127.750 2131.750 2135.500 2136.750 2139.250 2141.750 2142.750 2143.250 2144.000
                         2145.500 2146.750 2150.500 2151.250 2154.500 2158.000 2158.750 2161.500 2162.500 2165.250 2166.000 2169.250 2172.750 2176.250 2178.500
                         2179.750 2182.000 2183.250 2184.250 2185.000 2186.750 2188.250 2190.250 2191.500 2196.000 2197.000 2198.000 2224.000 2229.500 2230.250
                         2236.250 2240.000 2242.500 2267.000 2385.250 2386.250 2387.250 2388.500 2389.000 2390.250 2391.000 2391.500 2392.000 2392.500 2393.000
                         2393.500 2394.000 2394.500 2394.750 2395.750 2396.750 2398.000 2398.750 2400.000 2400.750 2401.500 2402.000 2402.750 2404.250 2405.500
                         2406.250 2407.000 2412.000 2412.750 2413.750 2415.000 2415.750 2417.000 2419.500 2447.000 2450.250 2452.500 2453.500 2456.500 2461.500
                         2462.000 2465.750 2492.000 2499.500 2500.500 2500.750 2501.250 2501.750 2502.500 2503.750 2505.750 2513.500 2532.000 2540.750 2561.000
                         2561.250 2602.500 2603.750 2608.000 2611.000 2616.000 2616.750 2622.750 2632.250 2637.750 2639.750 2643.500 2646.500 2648.500 2658.500
                         2664.250

                         0 0 0 0 0 0 0 0 0 0 0 0 0 0 0 0 0 0 0 0
                         0 0 0 0 0 0 0 0 0 0 0 0 0 0 0 0 0 0 0 0
                         0 0 0 0 0 0 0 0 0 0 0 0 0 0 0 0 0 0 0 0
                         0 0 0 0 0 0 0 0 0 0 0 0 0 0 0 0 0 0 0 0
                         0 0 0 0 0 0 0 0 0 0 0 0 0 0 0 0 0 0 0 0
                         0 0 0 0 0 0 0 0 0 0 0 0 0 0 0 0 0 0 0 0
                         0 0 0 0 0 0 0 0 0 0 0 0 0 0 0 0 0 0 0 0
                         0 0 0 0 0 0 0 0 0 0 0 0 0 0 0 0 0 0 0 0
                         0 0 0 0 0 0 0 0 0 0 0 0 0 0 0 0 0 0 0 0
                         0 0 0 0 0 0 0 0 0 0 0 0 0 0 0 0 0 0 0 0
                         0 0 0 0 0 0 0 0 0 0 0 0 0 0 0 0 0 0 0 0
                         0 0 0 0 0 0 0 0 0 0 0 0 0 0 0 0 0 0 0 0
                         0 0 0 0 0 0 0 0 0 0 0 0 0 0 0 0 0 0 0 0
                         0 0 0 0 0 0 0 0 0 0 0 0 0 0 0 0 0 0 0 0
                         0 0 0 0 0 0 0 0 0 0 0 0 0 0 0 0 0 0 0 0
                         0 0 0 0 0 0 0 0 0 0 0 0 0 0 0 0 0 0 0 0
                         0 0 0 0 0 0 0 0 0 0 0 0 0 0 0 0 0 0 0 0
                         0 0 0 0 0 0 0 0 0 0 0 0 0 0 0 0 0 0 0 0
                         0 0 0 0 0 0 0 0 0 0 0 0 0 0 0 0 0 0 0 0
                         0 0 0 0 0 0 0 0 0 0 0 0 0 0 0 0 0 0 0 0
                         0 0 0 0 0 0 0 0 0 0 0 0 0 0 0 0 0 0 0 0
                         0 0 0 0 0 0 0 0 0 0 0 0 0 0 0 0 0 0 0 0
                         0 0 0 0 0 0 0 0 0 0 0 0 0 0 0 0 0 0 0 0
                         0 0 0 0 0 0 0 0 0 0 0 0 0 0 0 0 0 0 0 0
                         0 0 0 0 0 0 0 0 0 0 0 0 0 0 0 0 0 0 0 0
                         0 0 0 0 0 0 0 0 0 0 0 0 0 0 0 0 0 0 0 0
                         0 0 0 0 0 0 0 0 0 0 0 0 0 0 0 0 0 0 0 0
                         0 0 0 0 0 0 0 0 0 0 0 0 0 0 0 0 0 0 0 0
                         0 0 0 0 0 0 0 0 0 0 0 0 0 0 0 0 0 0 0 0
                         0 0 0 0 0 0 0 0 0 0 0 0 0 0 0 0 0 0 0 0
                         0 0 0 0 0 0 0 0 0 0 0 0 0 0 0 0

                           0.000

                          60.000

                           0.000

                           0.000
