      Number of Channels:    281
     Central Frequencies:
                          649.548  650.742  650.981  651.700  651.940  652.903  653.144  653.385  654.109  654.352  654.594  655.079  655.807  656.051  656.538
                          658.004  658.740  658.985  659.477  661.700  661.948  662.445  662.693  662.942  663.690  664.439  664.689  665.943  666.194  666.698
                          666.950  667.202  667.454  667.707  667.959  668.212  668.466  668.719  668.972  669.480  669.734  669.989  670.498  672.031  672.287
                          673.572  673.829  674.345  675.120  675.378  676.156  676.675  676.935  677.455  678.238  678.499  680.071  680.333  681.386  681.650
                          689.418  689.689  691.046  691.318  692.681  692.955  694.325  694.600  695.150  695.977  696.806  697.637  697.915  698.192  698.748
                          699.027  699.305  699.584  700.142  700.702  700.982  701.542  702.385  702.666  703.794  704.359  706.060  706.914  707.770  708.628
                          709.488  710.927  711.215  712.661  714.112  714.403  715.862  721.758  722.055  722.949  723.247  724.443  724.742  726.244  727.752
                          734.067  735.298  735.607  737.152  738.704  742.142  743.400  745.928  747.517  752.970  755.237  759.485  793.074  801.001  804.287
                          809.080  820.731  843.805  871.201  917.209  918.649  937.807  948.080  965.323  979.017 1001.268 1005.146 1008.182 1010.362 1012.991
                         1016.516 1020.956 1030.405 1034.965 1036.340 1036.800 1039.102 1040.026 1040.952 1042.343 1055.975 1059.314 1061.231 1061.712 1063.155
                         1063.637 1065.085 1068.479 1072.383 1074.345 1092.314 1103.060 1106.686 1114.532 1123.017 1131.082 1135.428 1216.837 1218.359 1228.086
                         1236.397 1237.968 1251.213 1285.323 1291.555 1310.608 1315.898 1330.813 1334.442 1339.549 1345.174 1357.094 1367.110 1377.280 1381.066
                         1392.004 1396.985 1402.002 1407.620 1419.570 1427.072 1432.313 1437.005 1441.728 1468.661 1471.743 1476.079 1484.199 1493.043 1498.784
                         1502.636 1513.656 1518.896 1520.871 1524.173 1542.266 1544.298 1547.698 1551.796 1553.852 1555.915 1563.521 1567.701 1569.799 1571.903
                         1576.126 1586.065 1598.298 1604.849 2181.250 2182.155 2183.969 2184.876 2187.604 2188.514 2191.251 2195.827 2196.744 2197.663 2223.682
                         2229.336 2230.281 2235.968 2239.775 2248.388 2252.236 2378.164 2379.133 2380.103 2382.045 2383.017 2384.964 2385.938 2386.914 2387.890
                         2388.867 2389.845 2390.824 2391.803 2392.784 2393.765 2394.747 2395.729 2396.713 2397.698 2398.683 2399.669 2400.656 2401.643 2406.594
                         2412.562 2419.564 2445.918 2450.020 2454.135 2465.523 2491.792 2500.313 2513.201 2531.682 2540.470 2560.853 2600.214 2603.375 2607.601
                         2610.779 2616.095 2622.503 2632.175 2637.580 2639.748 2641.920 2648.457 2656.125 2657.225 2663.839
  Channel Polarization:
                         0 0 0 0 0 0 0 0 0 0 0 0 0 0 0 0 0 0 0 0
                         0 0 0 0 0 0 0 0 0 0 0 0 0 0 0 0 0 0 0 0
                         0 0 0 0 0 0 0 0 0 0 0 0 0 0 0 0 0 0 0 0
                         0 0 0 0 0 0 0 0 0 0 0 0 0 0 0 0 0 0 0 0
                         0 0 0 0 0 0 0 0 0 0 0 0 0 0 0 0 0 0 0 0
                         0 0 0 0 0 0 0 0 0 0 0 0 0 0 0 0 0 0 0 0
                         0 0 0 0 0 0 0 0 0 0 0 0 0 0 0 0 0 0 0 0
                         0 0 0 0 0 0 0 0 0 0 0 0 0 0 0 0 0 0 0 0
                         0 0 0 0 0 0 0 0 0 0 0 0 0 0 0 0 0 0 0 0
                         0 0 0 0 0 0 0 0 0 0 0 0 0 0 0 0 0 0 0 0
                         0 0 0 0 0 0 0 0 0 0 0 0 0 0 0 0 0 0 0 0
                         0 0 0 0 0 0 0 0 0 0 0 0 0 0 0 0 0 0 0 0
                         0 0 0 0 0 0 0 0 0 0 0 0 0 0 0 0 0 0 0 0
                         0 0 0 0 0 0 0 0 0 0 0 0 0 0 0 0 0 0 0 0
                         0
  Local Zenith  Min Angl:
                             0.000   
  Local Zenith  Max Angl:
                             55.000   
       Secant_view_angle:
                             0.000
      Secant_solar_angle:
                             0.000
