                  nChan =      24
              CentrFreq =
    50.300    52.800    53.596    54.400    55.500    57.290    59.400   150.000   183.310   183.310
   183.310    19.350    19.350    22.235    37.000    37.000    91.655    91.655    63.283    60.793
    60.793    60.793    60.793    60.793
                  Error =
     1.396     0.909     0.465     0.224     0.340     0.383     0.312     2.767     1.751     1.504
     1.300     1.807     1.341     1.369     2.162     1.575     1.427     2.442     5.000     5.000
     5.000     5.000     5.000     5.000

!     1.396     0.909     0.465     0.224     0.340     0.383     0.312     2.767     1.751     1.504
!     1.300     1.807     1.341     1.369     2.162     1.575     1.427     2.442     5.000     5.000
!     5.000     5.000     5.000     5.000
