  14  27
   0   6.925   0.69   0.35   0.59   0.45   0.67   0.42   0.46   0.66   0.56   0.69   0.42   0.50   0.65   0.61   0.66   0.78   0.72   0.67   0.77   0.81   0.73   0.51   0.51   0.44   0.41   0.42   0.49
   1   6.925   3.09   2.94   3.11   3.01   3.15   3.01   2.98   3.23   3.12   3.12   3.18   3.25   3.21   3.20   3.28   3.20   3.15   3.19   3.13   3.09   3.33   3.24   3.07   3.20   2.89   3.15   2.94
   2   7.300   0.79   0.78   0.90   0.92   0.84   0.87   0.64   0.94   0.87   0.83   0.84   0.63   0.75   0.83   0.79   0.90   0.79   0.96   0.59   0.89   0.90   0.69   0.70   0.78   0.74   0.78   0.60
   3   7.300   3.85   3.76   3.66   3.73   3.65   3.65   3.50   3.74   3.49   3.40   3.67   3.71   3.84   3.79   3.89   3.61   3.50   3.84   3.90   4.01   3.89   3.56   3.69   3.49   3.68   3.74   3.66
   4  10.650   3.38   3.32   3.51   3.37   3.46   3.39   3.52   3.46   3.53   3.45   3.40   3.35   3.78   3.36   3.62   3.68   3.72   3.55   3.69   3.65   3.42   3.51   3.49   3.40   3.44   3.48   3.62
   5  10.650   4.35   4.29   4.40   4.36   4.14   4.32   4.36   4.43   4.30   4.30   4.29   4.64   4.67   4.51   4.60   4.75   4.61   4.80   4.68   4.64   4.79   4.42   4.42   4.59   4.73   4.50   4.42
   6  18.700   4.94   5.15   5.15   5.22   5.24   5.05   5.32   5.39   5.26   5.24   5.30   5.21   5.28   5.28   5.21   5.39   5.67   5.51   5.61   5.47   5.31   5.14   5.15   5.19   5.32   5.42   5.05
   7  18.700   4.94   5.29   5.07   5.40   5.20   5.04   5.61   5.50   5.34   5.26   5.38   5.44   5.48   5.25   5.08   5.48   5.76   6.20   5.88   5.75   5.47   5.66   5.60   5.57   5.33   5.24   5.58
   8  23.800   5.11   5.34   5.10   5.35   5.19   5.48   5.28   5.29   5.24   5.27   5.32   5.27   5.32   5.24   5.20   5.37   5.60   5.41   5.53   5.13   5.26   5.25   5.27   5.00   5.33   5.33   5.18
   9  23.800   9.93   9.86   9.38  10.16   9.74  10.30  10.12   9.87   9.49   9.58   9.70  10.12  10.17   9.27   9.45  10.49   9.89   9.83  10.00   9.66   9.97  10.37   9.13   9.75  10.17  10.01  10.26
  10  36.500   2.46   2.54   2.51   2.79   2.34   2.64   2.59   2.43   2.35   2.62   2.77   2.68   2.72   2.72   2.69   2.89   2.84   2.83   2.71   2.87   2.68   2.64   2.64   2.70   2.56   2.56   2.45
  11  36.500   5.30   5.50   5.68   5.76   5.65   5.70   6.00   5.42   5.32   5.86   5.92   5.68   6.03   5.50   5.96   6.06   6.20   6.44   6.43   5.99   5.91   6.03   6.02   5.98   6.02   6.05   5.90
  12  89.000   0.82   0.68   0.71   0.80   0.65   0.91   1.00   0.79   0.74   0.71   0.74   0.80   0.86   0.72   0.72   0.75   0.74   0.83   0.73   0.79   0.90   0.81   0.61   0.53   0.72   0.94   0.77
  13  89.000   1.59   1.75   1.70   1.71   0.86   1.66   1.87   1.41   1.35   1.86   1.51   1.75   1.91   1.51   1.87   2.10   1.40   1.93   1.83   1.83   2.06   1.63   1.79   1.77   2.08   1.75   2.18
   0   6.925   0.90   0.91   0.91   0.92   0.91   0.91   0.92   0.91   0.92   0.92   0.93   0.92   0.94   0.92   0.94   0.93   0.96   0.93   0.95   0.95   0.94   0.95   0.96   0.94   0.94   0.91   0.89
   1   6.925   0.58   0.57   0.58   0.57   0.57   0.58   0.59   0.60   0.60   0.60   0.61   0.62   0.62   0.61   0.61   0.59   0.52   0.47   0.55   0.62   0.63   0.63   0.64   0.64   0.63   0.61   0.60
   2   7.300   0.89   0.89   0.90   0.90   0.90   0.91   0.91   0.90   0.91   0.91   0.92   0.91   0.93   0.91   0.93   0.92   0.95   0.93   0.94   0.94   0.93   0.94   0.95   0.93   0.93   0.89   0.87
   3   7.300   0.58   0.57   0.58   0.58   0.58   0.58   0.60   0.61   0.60   0.61   0.61   0.62   0.62   0.62   0.62   0.60   0.54   0.50   0.57   0.63   0.64   0.63   0.64   0.63   0.63   0.61   0.61
   4  10.650   0.87   0.87   0.88   0.86   0.87   0.88   0.89   0.88   0.87   0.87   0.89   0.88   0.89   0.87   0.88   0.89   0.90   0.90   0.89   0.89   0.90   0.89   0.90   0.90   0.88   0.86   0.85
   5  10.650   0.63   0.64   0.64   0.63   0.64   0.64   0.66   0.67   0.66   0.65   0.66   0.67   0.67   0.68   0.67   0.67   0.67   0.65   0.67   0.68   0.69   0.68   0.69   0.67   0.67   0.67   0.66
   6  18.700   1.01   1.01   1.01   1.01   1.01   1.01   1.01   1.01   1.00   1.00   1.00   1.01   1.00   0.99   1.00   1.01   1.01   1.02   1.01   1.01   1.01   1.01   1.02   1.01   1.01   1.01   1.00
   7  18.700   0.97   0.97   0.97   0.97   0.98   0.98   0.98   0.97   0.98   0.97   0.98   0.98   0.98   0.97   0.98   0.98   0.98   0.99   0.98   0.97   0.98   0.98   0.98   0.97   0.98   0.98   0.98
   8  23.800   1.02   1.02   1.03   1.03   1.03   1.03   1.02   1.02   1.02   1.02   1.02   1.02   1.02   1.01   1.02   1.02   1.02   1.03   1.02   1.03   1.02   1.02   1.03   1.02   1.02   1.03   1.02
   9  23.800   1.01   1.01   1.01   1.01   1.01   1.01   1.01   1.01   1.01   1.02   1.02   1.02   1.01   1.01   1.01   1.01   1.01   1.01   1.01   1.01   1.01   1.01   1.01   1.01   1.01   1.01   1.01
  10  36.500   0.98   0.98   0.99   0.98   0.98   0.98   0.99   0.98   0.98   0.98   0.99   0.99   0.98   0.98   0.99   0.98   0.99   1.00   0.99   0.99   0.99   0.98   0.99   0.97   0.97   0.97   0.97
  11  36.500   0.94   0.95   0.95   0.95   0.95   0.95   0.96   0.95   0.96   0.96   0.96   0.96   0.95   0.96   0.96   0.95   0.96   0.97   0.97   0.95   0.95   0.95   0.96   0.95   0.95   0.95   0.95
  12  89.000   1.01   1.01   1.01   1.01   1.01   1.01   1.02   1.01   1.01   1.01   1.01   1.01   1.01   1.01   1.02   1.02   1.02   1.02   1.02   1.03   1.02   1.01   1.01   1.01   1.00   1.00   1.00
  13  89.000   1.01   1.01   1.01   1.02   1.01   1.01   1.02   1.01   1.01   1.02   1.02   1.02   1.02   1.02   1.02   1.02   1.02   1.02   1.02   1.02   1.02   1.02   1.02   1.02   1.01   1.02   1.02
   0   6.925  15.47  14.48  13.90  12.96  13.19  13.34  12.29  13.96  12.49  12.89  10.91  12.84   9.68  11.79   7.97  10.56   5.25   9.59   7.49   7.23   9.47   7.31   5.35   8.42   9.03  14.42  16.80
   1   6.925  32.65  33.07  32.89  33.13  33.05  32.83  31.53  30.59  30.51  30.57  30.09  29.39  29.34  29.68  29.52  31.59  37.14  41.63  34.93  28.76  27.80  28.30  27.70  27.58  28.53  30.04  30.55
   2   7.300  17.34  16.38  14.79  14.61  14.70  14.12  12.93  15.60  13.66  13.63  11.81  13.47  10.98  13.57   9.79  12.24   6.32  10.17   8.63   7.70  10.62   8.70   6.51  10.62  11.22  17.16  20.36
   3   7.300  32.63  32.91  32.76  32.71  32.60  32.29  31.00  29.83  30.46  30.23  29.49  29.39  28.68  28.81  28.90  30.45  35.28  39.39  33.38  28.23  27.46  28.28  27.17  27.57  28.27  29.78  29.88
   4  10.650  19.17  18.55  17.76  20.37  19.33  16.93  15.44  17.75  18.34  18.13  15.76  17.60  16.08  18.97  16.52  15.25  12.67  12.50  15.68  14.47  13.83  14.88  12.61  14.30  16.85  19.78  22.01
   5  10.650  29.03  28.83  28.69  29.07  28.58  28.70  26.87  26.02  26.59  27.18  26.40  26.17  25.79  24.92  25.93  25.60  25.43  27.00  25.16  24.79  24.15  24.86  24.15  25.25  25.60  25.99  26.52
   6  18.700  -8.00  -7.76  -9.11  -8.50  -8.92  -8.18  -7.94  -7.41  -5.80  -6.68  -6.88  -7.77  -6.89  -4.82  -6.55  -7.44  -8.88 -10.35  -9.00  -8.42  -8.59  -7.96  -9.32  -7.76  -7.76  -7.73  -6.75
   7  18.700  -2.22  -2.64  -2.67  -2.76  -3.26  -3.48  -3.13  -2.88  -3.11  -3.01  -3.28  -3.76  -3.10  -2.75  -3.40  -3.26  -4.12  -5.49  -4.47  -3.19  -3.14  -2.96  -3.70  -2.90  -3.81  -3.30  -3.55
   8  23.800 -10.93 -11.71 -12.11 -12.04 -13.03 -12.80 -11.74 -11.58 -11.48 -11.10 -11.27 -11.69 -11.45  -9.46 -11.68 -11.64 -10.88 -12.23 -11.34 -12.19 -11.50 -11.59 -12.89 -11.84 -11.64 -12.03 -11.41
   9  23.800 -12.38 -12.46 -12.96 -13.11 -13.33 -13.42 -12.81 -12.53 -12.53 -13.72 -13.78 -13.83 -12.95 -12.39 -13.09 -12.89 -13.04 -13.63 -12.82 -12.68 -12.17 -12.01 -12.95 -12.74 -13.45 -13.38 -13.68
  10  36.500   1.81   0.15  -0.44   0.24   0.92   0.28  -1.38   1.14   0.87   1.25  -0.67  -1.89   0.44   1.50  -0.55   0.19  -1.02  -2.52  -1.80  -1.08  -0.45   0.09  -1.95   2.53   3.65   3.18   3.69
  11  36.500   1.70   1.16   0.48   1.06   0.76   0.53  -0.09   0.70  -0.07  -1.28  -0.19  -1.39   0.18  -0.13  -0.67  -0.11  -1.10  -2.70  -2.27  -0.17   0.16   0.19  -0.81   0.93   0.88   0.67   0.72
  12  89.000  -3.33  -3.96  -4.66  -5.00  -4.61  -5.54  -6.43  -4.85  -4.19  -5.57  -5.83  -5.36  -4.89  -4.96  -6.25  -7.09  -6.35  -7.25  -6.78  -8.77  -7.18  -5.37  -5.66  -3.77  -2.83  -2.87  -2.75
  13  89.000  -6.59  -6.89  -6.96  -7.42  -6.48  -6.86  -7.21  -5.47  -6.56  -9.35  -8.53  -7.26  -7.27  -7.75  -8.40  -7.95  -7.96  -8.20  -8.00  -7.78  -6.95  -7.90  -8.92  -8.05  -7.05  -7.41  -8.01
   0   6.925 170.50 170.51 170.53 170.55 170.53 170.54 170.58 170.59 170.55 170.52 170.51 170.53 170.55 170.59 170.60 170.59 170.57 170.55 170.52 170.47 170.47 170.47 170.46 170.44 170.44 170.44 170.43
   1   6.925  83.05  83.06  83.10  83.12  83.13  83.15  83.13  83.10  83.05  83.03  82.99  83.00  83.00  83.02  83.01  82.98  82.99  83.00  82.96  82.92  82.93  82.95  82.93  82.91  82.90  82.88  82.87
   2   7.300 170.93 170.95 170.96 170.98 170.97 170.98 171.01 171.03 170.98 170.95 170.94 170.96 170.99 171.01 171.03 171.02 171.00 170.98 170.95 170.90 170.91 170.90 170.89 170.88 170.87 170.87 170.87
   3   7.300  83.58  83.59  83.62  83.65  83.66  83.68  83.66  83.64  83.58  83.56  83.51  83.53  83.53  83.54  83.53  83.51  83.52  83.52  83.48  83.45  83.46  83.48  83.46  83.43  83.42  83.40  83.39
   4  10.650 175.16 175.17 175.19 175.22 175.21 175.24 175.27 175.27 175.22 175.20 175.16 175.17 175.21 175.21 175.23 175.24 175.20 175.19 175.16 175.12 175.12 175.16 175.15 175.11 175.08 175.09 175.07
   5  10.650  88.98  89.00  89.05  89.07  89.10  89.11  89.10  89.09  89.02  88.97  88.91  88.94  88.93  88.91  88.93  88.91  88.92  88.92  88.86  88.86  88.86  88.89  88.89  88.85  88.81  88.78  88.76
   6  18.700 198.85 198.91 198.95 198.99 199.07 199.09 199.16 199.16 199.13 199.04 198.93 198.92 198.89 198.85 198.99 198.98 198.95 198.90 198.74 198.79 198.78 198.91 198.91 198.84 198.71 198.72 198.66
   7  18.700 125.68 125.75 125.90 125.72 125.79 125.77 126.03 125.82 125.94 125.82 125.62 125.64 125.54 125.40 125.76 125.63 125.66 125.59 125.40 125.42 125.39 125.73 125.65 125.51 125.24 125.28 125.07
   8  23.800 228.56 228.62 228.75 228.80 228.86 228.96 229.09 229.13 229.14 228.97 228.74 228.68 228.62 228.60 228.80 228.80 228.73 228.62 228.41 228.33 228.28 228.49 228.42 228.34 228.17 228.26 228.20
   9  23.800 177.40 177.60 177.59 177.37 177.26 177.44 178.01 177.96 178.26 177.83 177.39 177.20 177.07 176.97 177.55 177.27 177.31 177.07 176.89 176.75 176.73 177.16 176.86 176.83 176.35 176.40 176.09
  10  36.500 220.73 220.74 220.77 220.76 220.88 220.99 221.10 220.94 221.04 220.83 220.68 220.66 220.65 220.62 220.75 220.73 220.72 220.71 220.57 220.60 220.58 220.76 220.72 220.67 220.50 220.59 220.51
  11  36.500 155.00 155.20 155.23 155.15 155.26 155.25 155.74 155.39 155.59 155.39 154.95 154.92 154.90 154.66 155.19 154.94 155.12 155.06 155.10 154.85 154.79 155.00 155.14 154.91 154.46 154.66 154.29
  12  89.000 265.97 266.05 266.10 266.18 266.22 266.33 266.35 266.39 266.41 266.33 266.22 266.10 266.07 266.01 266.19 266.24 266.16 266.02 266.01 265.97 265.97 266.06 266.06 265.99 265.91 265.93 265.86
  13  89.000 239.81 239.90 239.81 239.80 240.02 240.22 240.21 240.55 240.62 240.53 240.41 239.98 239.98 239.53 239.82 240.07 239.95 240.18 239.95 239.59 239.51 239.75 239.64 239.70 239.38 239.61 239.41
   0   6.925 172.19 172.20 172.20 172.19 172.20 172.22 172.20 172.20 172.09 172.04 171.97 172.01 172.02 172.08 172.13 172.28 172.45 172.54 172.34 172.11 172.01 171.93 171.86 171.85 171.83 171.86 171.86
   1   6.925  87.10  87.15  87.17  87.19  87.21  87.22  87.13  87.09  86.99  86.95  86.87  86.90  86.92  86.98  87.07  87.26  87.64  87.81  87.52  87.14  86.97  86.91  86.85  86.83  86.84  86.86  86.85
   2   7.300 172.92 172.95 172.92 172.90 172.90 172.92 172.88 172.88 172.74 172.68 172.60 172.64 172.66 172.72 172.78 172.91 173.08 173.15 172.98 172.75 172.65 172.58 172.53 172.53 172.50 172.53 172.55
   3   7.300  88.41  88.45  88.44  88.43  88.43  88.41  88.29  88.22  88.10  88.04  87.94  87.98  87.99  88.04  88.13  88.31  88.69  88.86  88.58  88.24  88.08  88.05  87.99  87.99  88.00  88.03  88.03
   4  10.650 179.74 179.76 179.78 179.84 179.86 179.83 179.78 179.81 179.74 179.71 179.61 179.64 179.68 179.71 179.78 179.84 179.95 180.01 179.88 179.73 179.64 179.66 179.62 179.61 179.60 179.62 179.62
   5  10.650  94.59  94.61  94.65  94.68  94.72  94.72  94.61  94.58  94.48  94.45  94.35  94.39  94.41  94.38  94.50  94.63  94.87  95.05  94.77  94.59  94.46  94.44  94.45  94.48  94.45  94.40  94.37
   6  18.700 204.91 205.04 205.05 205.08 205.19 205.25 205.21 205.18 205.14 205.08 204.97 204.93 204.93 204.86 205.04 205.11 205.15 205.14 204.93 204.97 204.86 204.99 204.95 204.89 204.80 204.80 204.77
   7  18.700 132.09 132.18 132.33 132.15 132.32 132.30 132.39 132.16 132.19 132.13 131.94 131.93 131.87 131.66 132.05 132.13 132.28 132.28 131.94 131.94 131.71 131.91 131.84 131.79 131.61 131.69 131.49
   8  23.800 234.55 234.62 234.73 234.77 234.86 235.04 235.05 235.06 235.07 234.93 234.72 234.66 234.61 234.56 234.74 234.84 234.82 234.72 234.48 234.42 234.27 234.44 234.39 234.32 234.21 234.26 234.26
   9  23.800 188.21 188.43 188.39 188.22 188.22 188.45 188.87 188.73 188.95 188.63 188.23 188.02 187.94 187.65 188.21 188.18 188.27 188.05 187.73 187.67 187.44 187.69 187.53 187.55 187.20 187.26 187.07
  10  36.500 224.09 224.20 224.26 224.25 224.39 224.53 224.52 224.42 224.46 224.29 224.16 224.08 224.09 224.05 224.23 224.32 224.34 224.34 224.16 224.23 224.07 224.20 224.17 224.15 224.02 224.07 224.01
  11  36.500 162.26 162.53 162.48 162.49 162.75 162.78 163.02 162.72 162.78 162.64 162.36 162.29 162.25 161.93 162.48 162.56 162.75 162.69 162.50 162.36 162.09 162.15 162.32 162.21 161.97 162.14 161.87
  12  89.000 267.69 267.78 267.82 267.85 267.97 268.10 268.10 268.20 268.15 268.12 268.08 268.01 267.99 267.80 267.98 268.10 268.04 267.90 267.80 267.84 267.74 267.83 267.90 267.77 267.73 267.70 267.66
  13  89.000 243.13 243.23 243.16 243.11 243.44 243.58 243.56 243.85 243.81 243.87 243.85 243.48 243.58 242.90 243.17 243.64 243.43 243.67 243.28 243.02 242.81 243.08 243.11 243.17 242.97 243.10 242.92
