  24  30
   0  50.300  -0.31  -0.25  -0.08  -0.37  -0.06  -0.04  -0.14  -0.01  -0.12  -0.14  -0.41  -0.17  -0.37  -0.25  -0.26  -0.31  -0.48  -0.32  -0.16  -0.36  -0.30  -0.49  -0.46  -0.49  -0.25  -0.46  -0.35  -0.51  -0.66  -1.08
   1  52.800  -4.57  -4.41  -4.43  -4.27  -4.56  -4.47  -4.35  -4.28  -4.23  -4.26  -4.32  -4.18  -4.29  -4.22  -4.36  -4.21  -4.26  -4.34  -4.22  -4.21  -4.24  -4.26  -4.14  -4.27  -4.42  -4.40  -4.46  -4.49  -4.63  -4.78
   2  53.596  -2.75  -2.64  -2.75  -2.81  -2.73  -2.63  -2.61  -2.60  -2.52  -2.56  -2.50  -2.57  -2.59  -2.50  -2.65  -2.55  -2.52  -2.53  -2.46  -2.38  -2.36  -2.36  -2.46  -2.49  -2.44  -2.42  -2.52  -2.64  -2.56  -2.89
   3  54.400  -2.69  -2.67  -2.66  -2.55  -2.57  -2.56  -2.53  -2.57  -2.47  -2.52  -2.45  -2.46  -2.47  -2.53  -2.40  -2.42  -2.33  -2.39  -2.36  -2.32  -2.34  -2.29  -2.34  -2.35  -2.42  -2.42  -2.49  -2.44  -2.57  -2.79
   4  55.500  -2.46  -2.45  -2.50  -2.46  -2.48  -2.44  -2.40  -2.43  -2.48  -2.40  -2.40  -2.40  -2.40  -2.43  -2.41  -2.37  -2.34  -2.38  -2.41  -2.38  -2.41  -2.34  -2.31  -2.36  -2.34  -2.37  -2.38  -2.43  -2.39  -2.53
   5  57.290  -3.38  -3.34  -3.40  -3.43  -3.49  -3.51  -3.54  -3.55  -3.62  -3.66  -3.66  -3.68  -3.68  -3.67  -3.73  -3.70  -3.75  -3.72  -3.67  -3.68  -3.65  -3.68  -3.59  -3.58  -3.55  -3.55  -3.57  -3.55  -3.54  -3.55
   6  59.400  -2.78  -2.78  -2.72  -2.83  -2.71  -2.77  -2.77  -2.80  -2.77  -2.82  -2.75  -2.79  -2.78  -2.76  -2.75  -2.76  -2.78  -2.76  -2.74  -2.73  -2.72  -2.69  -2.67  -2.69  -2.66  -2.67  -2.63  -2.65  -2.63  -2.62
   7 150.000   0.00   0.00   0.00   0.00   0.00   0.00   0.00   0.00   0.00   0.00   0.00   0.00   0.00   0.00   0.00   0.00   0.00   0.00   0.00   0.00   0.00   0.00   0.00   0.00   0.00   0.00   0.00   0.00   0.00   0.00
   8 183.310  -3.84  -3.73  -3.77  -3.92  -3.94  -3.80  -3.78  -3.98  -3.89  -3.87  -3.98  -4.03  -3.96  -3.89  -3.93  -3.92  -3.87  -3.91  -3.81  -3.69  -3.70  -3.84  -3.71  -3.87  -3.71  -3.77  -3.68  -3.81  -3.67  -3.77
   9 183.310  -2.70  -2.45  -2.65  -2.58  -2.49  -2.38  -2.40  -2.49  -2.51  -2.66  -2.69  -2.73  -2.63  -2.69  -2.60  -2.48  -2.70  -2.47  -2.51  -2.51  -2.47  -2.53  -2.57  -2.46  -2.48  -2.40  -2.56  -2.46  -2.42  -2.61
  10 183.310  -2.64  -2.62  -2.61  -2.71  -2.78  -2.68  -2.74  -2.76  -2.67  -2.71  -2.64  -2.84  -2.66  -2.66  -2.67  -2.74  -2.70  -2.63  -2.59  -2.63  -2.64  -2.62  -2.59  -2.52  -2.66  -2.68  -2.64  -2.67  -2.56  -2.53
  11  19.350   2.17   3.01   3.07   3.08   3.59   3.32   3.31   3.44   3.07   3.05   2.98   3.21   3.06   3.13   3.01   3.13   3.30   3.23   2.90   2.88   3.05   2.94   2.97   2.93   3.14   2.95   3.18   2.96   3.12   3.21
  12  19.350  -3.92  -2.71  -2.20  -1.76  -1.77  -1.73  -1.89  -1.97  -1.79  -1.87  -1.80  -2.13  -1.84  -2.19  -2.13  -2.17  -1.93  -2.10  -2.13  -2.05  -2.50  -2.44  -2.31  -2.41  -2.55  -2.55  -2.50  -2.55  -2.66  -2.39
  13  22.235   0.01   1.15   1.25   2.05   1.96   2.07   1.89   1.87   1.66   1.83   1.62   1.90   1.62   1.43   1.68   1.39   1.37   1.34   1.35   1.41   1.31   1.27   1.15   1.14   1.13   1.34   1.40   1.03   1.19   1.20
  14  37.000   4.22   4.44   4.68   4.90   4.46   4.01   3.72   4.44   4.65   4.56   4.01   4.27   4.07   4.93   4.78   4.12   4.29   4.03   4.66   4.50   4.52   4.08   4.67   4.15   4.43   4.81   4.77   3.97   4.09   3.91
  15  37.000   0.38   0.56   0.57   0.44   0.26   0.30   0.59   0.48   0.17   0.29   0.06   0.13   0.50   0.18   0.16   0.02   0.05   0.09   0.30  -0.01   0.04   0.17   0.10   0.27  -0.10  -0.19  -0.44  -0.54  -1.07  -2.45
  16  91.655  -6.77  -6.69  -6.75  -6.62  -6.70  -6.68  -6.55  -6.90  -6.89  -6.90  -7.08  -7.33  -7.17  -7.03  -7.05  -7.24  -6.88  -7.09  -7.04  -7.06  -7.28  -7.21  -7.08  -7.14  -7.11  -7.25  -7.30  -7.36  -7.21  -7.04
  17  91.655  -3.66  -4.23  -3.63  -3.83  -3.36  -3.81  -3.29  -3.79  -3.82  -4.08  -4.41  -3.90  -3.73  -4.10  -3.46  -4.08  -3.87  -4.05  -4.31  -4.09  -4.18  -4.42  -4.02  -3.75  -3.57  -3.87  -3.88  -3.53  -3.87  -3.58
  18  63.283  -8.13  -7.77  -7.47  -7.84  -7.35  -7.13  -6.82  -6.48  -6.76  -6.66  -6.88  -6.63  -6.66  -6.88  -7.19  -7.15  -7.01  -7.13  -7.44  -7.91  -7.46  -7.95  -8.76  -8.31  -8.51  -8.73  -8.74  -9.47  -9.14  -9.58
  19  60.793 -12.31 -11.32 -11.57 -10.95 -10.57 -10.34 -10.60  -9.55  -9.61  -9.48  -8.86  -8.97  -8.75  -8.92  -8.90  -9.18  -8.80  -9.42 -10.18  -9.87 -10.20 -10.00 -10.63 -10.86 -11.11 -11.17 -11.63 -11.59 -11.58 -11.67
  20  60.793  -7.84  -7.70  -7.93  -7.79  -8.06  -7.81  -7.83  -7.99  -8.06  -7.96  -7.84  -7.91  -7.87  -7.77  -7.87  -8.00  -7.88  -7.86  -7.74  -7.60  -7.64  -7.69  -7.51  -7.55  -7.51  -7.49  -7.57  -7.30  -7.38  -7.21
  21  60.793  -3.83  -4.03  -4.05  -4.15  -4.10  -4.22  -4.19  -4.27  -4.24  -4.27  -4.25  -4.25  -4.29  -4.37  -4.37  -4.38  -4.20  -4.23  -4.24  -4.23  -4.20  -4.11  -4.18  -3.98  -4.11  -4.11  -4.01  -4.01  -3.93  -3.77
  22  60.793  -3.08  -3.02  -3.11  -3.15  -3.14  -3.13  -3.11  -3.19  -3.22  -3.34  -3.20  -3.24  -3.28  -3.28  -3.31  -3.27  -3.29  -3.27  -3.29  -3.25  -3.23  -3.19  -3.18  -3.17  -3.13  -3.16  -3.04  -3.08  -3.05  -3.12
  23  60.793  -2.68  -2.72  -2.76  -2.88  -2.78  -2.91  -2.93  -3.02  -2.98  -3.03  -2.96  -3.07  -3.09  -3.10  -3.04  -3.07  -3.03  -3.07  -3.09  -2.81  -2.65  -2.55  -2.64  -2.51  -2.61  -2.44  -2.46  -2.39  -2.31  -2.36
   0  50.300   0.94   0.94   0.94   0.93   0.93   0.93   0.93   0.94   0.93   0.94   0.94   0.94   0.94   0.94   0.94   0.93   0.94   0.94   0.94   0.93   0.93   0.94   0.94   0.94   0.94   0.94   0.94   0.94   0.94   0.94
   1  52.800   1.02   1.02   1.02   1.02   1.02   1.02   1.02   1.02   1.02   1.02   1.02   1.02   1.01   1.01   1.01   1.01   1.01   1.01   1.01   1.01   1.01   1.02   1.02   1.02   1.02   1.02   1.02   1.02   1.02   1.02
   2  53.596   1.02   1.02   1.02   1.02   1.02   1.02   1.02   1.02   1.02   1.02   1.02   1.02   1.02   1.02   1.01   1.01   1.01   1.01   1.01   1.01   1.01   1.02   1.02   1.02   1.02   1.02   1.02   1.01   1.01   1.01
   3  54.400   1.02   1.02   1.02   1.02   1.02   1.02   1.02   1.02   1.02   1.02   1.02   1.02   1.01   1.02   1.02   1.02   1.02   1.02   1.02   1.02   1.02   1.02   1.01   1.01   1.01   1.01   1.01   1.01   1.00   1.00
   4  55.500   0.98   0.98   0.98   0.98   0.98   0.98   0.98   0.98   0.98   0.98   0.98   0.98   0.98   0.98   0.98   0.98   0.98   0.98   0.98   0.98   0.98   0.98   0.98   0.98   0.98   0.98   0.98   0.98   0.98   0.98
   5  57.290   1.04   1.04   1.04   1.04   1.04   1.04   1.04   1.04   1.04   1.04   1.04   1.04   1.04   1.04   1.04   1.04   1.04   1.04   1.04   1.04   1.04   1.04   1.04   1.04   1.04   1.04   1.04   1.04   1.04   1.04
   6  59.400   1.02   1.02   1.02   1.02   1.02   1.02   1.02   1.02   1.03   1.03   1.03   1.03   1.03   1.03   1.03   1.03   1.03   1.03   1.03   1.03   1.03   1.03   1.03   1.03   1.03   1.03   1.03   1.03   1.03   1.03
   7 150.000   0.80   0.81   0.80   0.81   0.82   0.82   0.83   0.82   0.80   0.82   0.80   0.81   0.81   0.81   0.81   0.79   0.80   0.81   0.81   0.80   0.82   0.81   0.79   0.82   0.80   0.81   0.80   0.82   0.82   0.81
   8 183.310   0.85   0.84   0.84   0.84   0.83   0.83   0.83   0.83   0.83   0.84   0.83   0.84   0.84   0.84   0.84   0.85   0.84   0.84   0.84   0.83   0.83   0.82   0.83   0.84   0.84   0.84   0.84   0.84   0.84   0.84
   9 183.310   0.88   0.88   0.88   0.88   0.87   0.87   0.87   0.87   0.88   0.88   0.87   0.88   0.88   0.88   0.88   0.88   0.88   0.88   0.88   0.87   0.87   0.87   0.88   0.88   0.88   0.88   0.88   0.88   0.88   0.88
  10 183.310   0.92   0.92   0.92   0.91   0.91   0.91   0.91   0.91   0.91   0.91   0.91   0.91   0.91   0.91   0.91   0.92   0.91   0.91   0.91   0.90   0.90   0.91   0.91   0.91   0.91   0.91   0.91   0.91   0.91   0.91
  11  19.350   0.95   0.95   0.95   0.95   0.94   0.94   0.94   0.94   0.95   0.95   0.95   0.95   0.95   0.95   0.95   0.95   0.95   0.95   0.95   0.94   0.95   0.95   0.95   0.95   0.95   0.95   0.95   0.95   0.95   0.95
  12  19.350   0.99   0.98   0.97   0.97   0.97   0.97   0.97   0.97   0.97   0.97   0.98   0.98   0.97   0.97   0.97   0.97   0.98   0.97   0.97   0.97   0.97   0.97   0.97   0.97   0.97   0.97   0.97   0.97   0.97   0.96
  13  22.235   1.03   1.02   1.02   1.02   1.02   1.02   1.02   1.02   1.02   1.02   1.02   1.02   1.01   1.01   1.01   1.01   1.02   1.01   1.02   1.01   1.01   1.01   1.01   1.01   1.01   1.01   1.01   1.01   1.01   1.01
  14  37.000   0.88   0.89   0.89   0.89   0.88   0.89   0.88   0.89   0.89   0.89   0.89   0.89   0.89   0.89   0.88   0.89   0.89   0.89   0.89   0.88   0.88   0.89   0.89   0.89   0.89   0.89   0.90   0.89   0.89   0.90
  15  37.000   0.89   0.89   0.89   0.89   0.89   0.89   0.88   0.89   0.89   0.89   0.90   0.90   0.90   0.90   0.90   0.89   0.89   0.89   0.89   0.88   0.89   0.89   0.89   0.89   0.89   0.89   0.90   0.89   0.89   0.89
  16  91.655   1.16   1.16   1.16   1.16   1.16   1.16   1.16   1.16   1.16   1.17   1.17   1.17   1.17   1.16   1.16   1.16   1.16   1.16   1.16   1.16   1.16   1.17   1.17   1.16   1.17   1.17   1.17   1.16   1.16   1.15
  17  91.655   1.08   1.08   1.09   1.09   1.08   1.08   1.09   1.09   1.09   1.09   1.09   1.09   1.09   1.09   1.09   1.09   1.09   1.09   1.09   1.09   1.09   1.09   1.09   1.09   1.09   1.09   1.09   1.09   1.09   1.09
  18  63.283   0.24   0.24   0.25   0.25   0.25   0.25   0.26   0.26   0.26   0.26   0.26   0.25   0.25   0.25   0.25   0.24   0.24   0.24   0.24   0.24   0.24   0.24   0.23   0.23   0.23   0.23   0.23   0.22   0.23   0.23
  19  60.793   0.47   0.47   0.47   0.47   0.46   0.45   0.45   0.44   0.44   0.43   0.43   0.42   0.42   0.41   0.40   0.40   0.40   0.40   0.40   0.41   0.41   0.41   0.42   0.42   0.42   0.42   0.42   0.43   0.43   0.43
  20  60.793   0.61   0.61   0.61   0.61   0.61   0.61   0.61   0.61   0.61   0.60   0.60   0.60   0.60   0.60   0.60   0.59   0.60   0.60   0.60   0.60   0.60   0.59   0.59   0.59   0.59   0.59   0.58   0.59   0.58   0.58
  21  60.793   0.98   0.98   0.98   0.98   0.99   0.99   0.98   0.98   0.98   0.98   0.98   0.98   0.98   0.97   0.97   0.98   0.97   0.97   0.98   0.98   0.98   0.98   0.98   0.98   0.98   0.98   0.97   0.97   0.98   0.97
  22  60.793   1.02   1.02   1.02   1.02   1.02   1.02   1.02   1.02   1.02   1.02   1.02   1.02   1.02   1.02   1.02   1.02   1.02   1.02   1.02   1.03   1.03   1.03   1.03   1.03   1.03   1.03   1.03   1.03   1.03   1.03
  23  60.793   0.99   0.99   0.99   0.99   0.99   0.99   0.99   0.99   0.99   0.99   0.99   0.99   0.99   0.99   0.99   0.99   0.99   0.99   0.99   0.99   0.99   1.00   1.00   1.00   1.00   1.00   1.00   1.00   1.00   1.00
   0  50.300  11.99  13.09  13.27  14.31  14.14  14.44  14.26  12.80  14.15  12.88  12.84  11.82  12.98  13.91  13.54  14.21  13.44  13.39  12.34  14.60  14.55  13.63  12.94  13.24  13.22  12.56  13.57  13.27  13.13  13.35
   1  52.800  -1.76  -1.52  -1.27  -0.33   0.15   0.20  -0.14   0.06  -0.61  -0.25  -0.09   0.32   0.87   1.20   1.24   1.59   1.93   1.36   1.45   0.94   0.63   0.36  -0.60  -1.25  -1.15  -0.94  -1.58  -1.12  -0.71   0.34
   2  53.596  -3.07  -2.83  -2.67  -2.45  -2.27  -2.31  -2.12  -1.25  -1.71  -1.83  -1.90  -1.81  -1.69  -1.69  -0.84  -0.91  -1.13  -1.02  -0.79  -0.94  -1.09  -1.27  -1.73  -1.81  -1.79  -1.46  -1.19  -1.13  -0.57  -0.57
   3  54.400  -1.68  -1.51  -1.79  -2.06  -2.32  -2.25  -2.11  -1.57  -1.58  -1.90  -1.40  -1.72  -0.98  -1.44  -1.16  -1.04  -1.77  -1.40  -1.46  -1.67  -1.15  -1.27  -0.96  -0.88  -0.50   0.01   0.64   0.82   1.63   2.02
   4  55.500   6.75   6.61   6.58   6.57   6.49   6.49   6.57   6.48   6.42   6.40   6.32   6.21   6.30   6.26   6.23   6.18   6.12   6.07   5.96   5.80   5.73   5.59   5.45   5.48   5.51   5.46   5.53   5.61   5.58   5.72
   5  57.290  -4.32  -4.40  -4.53  -4.68  -4.70  -4.71  -4.77  -4.88  -4.90  -4.89  -4.81  -4.85  -4.83  -4.77  -4.70  -4.75  -4.50  -4.47  -4.56  -4.49  -4.62  -4.54  -4.49  -4.37  -4.29  -4.11  -3.99  -4.04  -3.99  -4.01
   6  59.400  -1.91  -2.02  -2.31  -2.26  -2.41  -2.35  -2.36  -2.55  -2.64  -2.86  -3.01  -3.04  -3.23  -3.41  -3.64  -3.81  -3.68  -3.55  -3.73  -3.60  -3.54  -3.61  -3.54  -3.46  -3.48  -3.26  -3.17  -2.97  -2.95  -2.85
   7 150.000 148.14 146.26 147.61 145.99 143.70 143.59 141.52 143.41 146.10 143.40 146.72 145.54 144.64 144.69 145.57 148.61 145.84 145.34 145.70 147.38 143.54 144.57 147.55 144.02 146.35 145.00 146.35 144.29 143.38 146.01
   8 183.310  44.19  46.03  47.63  46.83  48.71  48.73  49.12  49.42  50.16  48.26  48.65  47.96  47.44  46.24  46.00  45.18  47.53  45.90  46.37  49.74  50.02  51.64  49.31  47.65  47.99  45.89  47.08  48.01  47.87  47.86
   9 183.310  32.63  33.71  34.00  33.64  35.15  35.22  35.52  35.79  34.92  35.01  35.36  34.39  33.14  32.44  32.94  33.00  33.68  33.32  34.04  36.48  36.76  35.43  33.78  33.36  33.53  32.64  32.87  32.98  33.48  33.77
  10 183.310  22.78  23.01  23.23  24.21  25.01  25.22  25.63  24.91  25.39  24.72  24.74  25.29  25.03  24.66  24.72  23.29  24.19  24.13  24.77  25.87  26.47  25.42  24.43  23.84  23.37  23.43  23.53  23.87  23.74  24.22
  11  19.350   2.74   2.70   2.56   2.63   3.02   3.01   3.08   2.99   2.47   2.55   2.55   2.73   2.58   2.78   2.87   3.05   2.80   2.83   2.85   3.42   3.08   3.17   2.97   3.04   3.02   2.23   2.23   2.58   2.43   2.63
  12  19.350   5.54   6.55   6.81   6.27   6.77   6.79   6.99   6.57   7.13   6.47   5.59   5.54   6.65   6.69   6.89   6.63   5.97   6.36   6.52   7.47   7.29   7.13   6.18   7.48   7.13   6.92   6.99   7.55   7.66   8.39
  13  22.235  -6.92  -6.90  -6.87  -6.76  -6.48  -6.19  -6.10  -6.74  -6.93  -7.04  -7.03  -6.91  -5.63  -5.41  -4.93  -5.52  -5.63  -5.35  -5.71  -4.94  -4.77  -5.01  -5.34  -5.15  -4.89  -5.03  -5.19  -5.18  -4.60  -4.26
  14  37.000  11.04  10.17   9.68   9.47  11.14  10.35  10.95  10.13   9.55   9.78   9.83  10.14   9.67   9.44  10.55  10.36  10.14  10.48   9.92  10.78  10.79  10.26  10.50  10.56   9.96   9.53   8.92   9.66   9.61   9.71
  15  37.000  20.35  21.66  21.67  21.92  22.39  22.21  22.75  22.02  21.93  21.13  20.23  19.23  19.62  19.89  20.23  22.35  21.08  20.99  21.68  23.25  22.00  21.82  20.97  21.98  22.03  20.97  20.79  21.90  22.74  23.93
  16  91.655 -36.22 -35.80 -36.81 -36.02 -35.90 -36.13 -35.64 -36.59 -36.78 -37.46 -37.88 -37.45 -37.75 -36.39 -36.13 -36.15 -36.53 -36.54 -36.76 -36.83 -36.79 -37.97 -37.91 -37.21 -37.66 -37.97 -37.80 -36.62 -35.95 -34.52
  17  91.655 -19.11 -19.06 -19.75 -19.72 -19.38 -19.45 -19.76 -20.33 -21.29 -21.60 -20.19 -20.86 -20.43 -19.40 -19.59 -19.63 -19.97 -19.96 -20.92 -20.54 -20.98 -20.76 -20.47 -20.65 -20.95 -20.78 -20.67 -20.24 -20.43 -19.92
  18  63.283 175.92 175.31 173.56 173.13 172.75 172.62 171.02 171.19 170.20 170.48 171.54 172.78 173.35 173.10 174.12 174.63 175.14 175.36 175.51 175.71 175.57 176.52 176.78 177.34 177.00 177.88 178.01 179.53 178.23 178.15
  19  60.793 116.69 118.04 117.53 118.24 119.64 120.48 120.25 122.23 123.64 124.49 125.29 126.36 127.35 128.73 130.12 130.84 130.32 130.73 129.96 129.08 129.61 128.49 127.76 126.76 127.83 126.97 127.89 126.30 125.92 126.49
  20  60.793 103.20 103.53 104.20 102.83 103.56 103.67 104.34 104.12 104.35 105.90 106.16 107.25 106.20 106.61 105.99 107.46 107.06 107.22 107.29 107.03 106.67 107.32 107.79 108.87 109.43 109.34 109.70 109.18 109.85 109.83
  21  60.793   7.87   8.10   8.07   7.92   7.27   7.51   8.86   8.41   8.76   9.22   9.84   9.19  10.03  10.71  10.61  10.40  10.55  10.94   9.72   9.43   9.32   8.78   9.04   9.10   8.91   9.70  10.36  10.33   9.98  10.11
  22  60.793  -2.49  -2.33  -2.38  -2.38  -2.33  -2.17  -1.98  -2.32  -2.38  -1.57  -1.90  -1.45  -1.30  -1.33  -1.25  -0.91  -1.46  -1.78  -2.17  -3.21  -4.00  -4.10  -3.38  -3.36  -3.50  -3.74  -3.52  -3.44  -3.75  -4.03
  23  60.793   3.50   3.58   3.89   3.97   4.21   4.36   4.52   4.95   5.24   5.31   4.78   5.47   5.43   5.44   5.44   5.30   5.18   4.93   4.67   4.06   4.11   3.39   3.05   2.85   2.95   2.70   2.48   1.95   1.78   1.58
   0  50.300 233.68 233.70 233.70 233.71 233.73 233.71 233.76 233.81 233.83 233.85 233.90 233.86 233.84 233.87 233.89 233.89 233.88 233.88 233.83 233.80 233.82 233.81 233.81 233.76 233.76 233.74 233.77 233.76 233.72 233.71
   1  52.800 259.35 259.36 259.36 259.36 259.37 259.36 259.36 259.38 259.38 259.42 259.43 259.44 259.47 259.47 259.47 259.48 259.47 259.48 259.46 259.46 259.45 259.45 259.47 259.46 259.48 259.47 259.46 259.45 259.44 259.44
   2  53.596 246.58 246.59 246.60 246.60 246.60 246.59 246.60 246.60 246.61 246.63 246.64 246.65 246.67 246.68 246.68 246.69 246.68 246.68 246.68 246.67 246.67 246.66 246.67 246.67 246.68 246.68 246.67 246.67 246.66 246.67
   3  54.400 229.89 229.90 229.90 229.90 229.90 229.90 229.89 229.89 229.89 229.91 229.91 229.93 229.93 229.93 229.93 229.94 229.93 229.94 229.93 229.93 229.93 229.92 229.93 229.93 229.93 229.93 229.93 229.93 229.93 229.93
   4  55.500 211.28 211.27 211.27 211.26 211.26 211.26 211.25 211.23 211.23 211.21 211.22 211.24 211.22 211.22 211.20 211.20 211.21 211.20 211.21 211.21 211.20 211.19 211.19 211.20 211.20 211.19 211.20 211.21 211.21 211.21
   5  57.290 208.44 208.43 208.43 208.42 208.42 208.41 208.40 208.37 208.36 208.34 208.35 208.38 208.35 208.35 208.34 208.33 208.34 208.33 208.33 208.34 208.33 208.32 208.32 208.33 208.33 208.33 208.34 208.35 208.35 208.35
   6  59.400 215.61 215.61 215.60 215.60 215.60 215.59 215.58 215.57 215.55 215.56 215.56 215.59 215.59 215.59 215.59 215.59 215.60 215.59 215.59 215.60 215.59 215.58 215.57 215.58 215.59 215.58 215.58 215.58 215.58 215.58
   7 150.000 277.13 276.84 276.88 276.72 276.57 276.64 276.54 276.72 276.66 276.59 276.90 276.87 276.82 276.75 276.94 277.08 276.84 276.62 276.82 276.97 276.61 276.56 276.94 276.61 276.78 276.88 276.87 276.61 276.80 276.66
   8 183.310 272.30 272.32 272.30 272.28 272.27 272.23 272.17 272.13 272.12 272.11 272.12 272.08 272.12 272.16 272.21 272.27 272.29 272.31 272.33 272.36 272.33 272.30 272.29 272.31 272.32 272.30 272.30 272.29 272.29 272.31
   9 183.310 261.75 261.75 261.74 261.73 261.70 261.67 261.62 261.58 261.58 261.58 261.56 261.56 261.60 261.63 261.70 261.75 261.79 261.81 261.84 261.84 261.80 261.79 261.80 261.82 261.81 261.79 261.77 261.76 261.75 261.77
  10 183.310 246.98 246.99 246.96 246.95 246.94 246.91 246.87 246.84 246.83 246.84 246.82 246.81 246.83 246.84 246.89 246.94 246.96 247.02 247.04 247.06 247.00 247.00 247.03 247.07 247.07 247.03 247.00 246.97 246.97 246.97
  11  19.350 132.92 132.87 132.80 132.83 132.84 132.81 132.85 133.05 133.00 133.14 133.30 133.33 133.13 133.19 133.24 133.18 133.16 133.18 133.16 133.13 133.03 133.04 133.16 132.99 132.97 132.91 132.94 132.95 132.84 132.82
  12  19.350 198.36 198.38 198.39 198.36 198.36 198.35 198.40 198.50 198.55 198.61 198.67 198.69 198.62 198.65 198.66 198.63 198.59 198.59 198.55 198.52 198.50 198.51 198.49 198.46 198.43 198.41 198.44 198.43 198.39 198.40
  13  22.235 228.01 228.06 228.09 228.13 228.19 228.23 228.30 228.41 228.46 228.54 228.63 228.60 228.58 228.61 228.68 228.58 228.54 228.55 228.43 228.46 228.45 228.41 228.35 228.27 228.25 228.23 228.26 228.23 228.22 228.21
  14  37.000 152.48 152.43 152.45 152.48 152.51 152.39 152.49 152.52 152.43 152.51 152.66 152.74 152.68 152.71 152.76 152.91 152.73 152.74 152.68 152.64 152.66 152.61 152.75 152.59 152.60 152.48 152.46 152.46 152.41 152.43
  15  37.000 215.01 215.01 215.00 215.00 215.02 215.00 215.06 215.13 215.16 215.19 215.24 215.24 215.18 215.20 215.21 215.21 215.19 215.20 215.15 215.10 215.08 215.07 215.09 215.06 215.06 215.04 215.05 215.05 215.02 215.02
  16  91.655 263.55 263.56 263.58 263.59 263.62 263.59 263.66 263.74 263.77 263.85 263.95 263.99 263.97 263.91 263.96 263.93 263.85 263.89 263.82 263.77 263.78 263.78 263.80 263.75 263.79 263.76 263.81 263.78 263.76 263.79
  17  91.655 235.20 235.28 235.32 235.28 235.40 235.26 235.58 235.66 235.68 235.81 236.15 236.25 236.49 236.50 236.33 236.20 236.04 236.10 235.98 235.92 236.02 236.17 235.97 235.64 235.69 235.67 235.75 235.79 235.77 235.68
  18  63.283 228.89 228.89 228.90 228.90 228.90 228.90 228.89 228.90 228.89 228.88 228.89 228.89 228.92 228.91 228.91 228.94 228.95 228.96 228.98 229.01 229.03 229.04 229.03 229.04 229.04 229.04 229.05 229.06 229.08 229.09
  19  60.793 212.39 212.37 212.36 212.36 212.36 212.34 212.33 212.34 212.31 212.27 212.30 212.29 212.31 212.27 212.26 212.27 212.27 212.30 212.33 212.36 212.42 212.44 212.45 212.47 212.47 212.52 212.55 212.56 212.60 212.61
  20  60.793 253.90 253.91 253.91 253.90 253.91 253.92 253.93 253.94 253.95 253.97 253.99 253.99 254.03 254.03 254.05 254.07 254.07 254.08 254.11 254.13 254.13 254.13 254.13 254.14 254.15 254.15 254.14 254.15 254.15 254.16
  21  60.793 255.07 255.09 255.09 255.10 255.11 255.12 255.14 255.16 255.20 255.25 255.27 255.28 255.32 255.33 255.35 255.37 255.37 255.37 255.37 255.37 255.36 255.35 255.35 255.36 255.38 255.37 255.36 255.36 255.35 255.34
  22  60.793 241.20 241.20 241.20 241.20 241.21 241.20 241.21 241.22 241.26 241.34 241.34 241.37 241.41 241.42 241.44 241.45 241.45 241.45 241.43 241.42 241.39 241.39 241.40 241.40 241.42 241.41 241.40 241.37 241.36 241.35
  23  60.793 226.95 226.95 226.95 226.95 226.95 226.94 226.94 226.93 226.94 226.98 226.98 227.01 227.03 227.05 227.06 227.07 227.08 227.08 227.07 227.06 227.05 227.04 227.05 227.05 227.06 227.05 227.05 227.04 227.02 227.02
   0  50.300 234.91 235.01 235.06 235.09 235.11 235.12 235.17 235.22 235.26 235.23 235.25 235.18 235.13 235.19 235.20 235.24 235.16 235.19 235.14 235.21 235.17 235.04 235.01 234.92 234.95 234.94 234.93 234.84 234.71 234.37
   1  52.800 255.02 255.03 255.06 255.05 255.07 255.09 255.14 255.16 255.17 255.20 255.23 255.27 255.31 255.31 255.30 255.32 255.30 255.31 255.31 255.30 255.27 255.24 255.26 255.23 255.23 255.18 255.15 255.08 255.00 254.78
   2  53.596 243.96 243.97 243.97 243.97 243.99 244.01 244.03 244.03 244.04 244.08 244.12 244.14 244.17 244.16 244.17 244.19 244.21 244.21 244.21 244.19 244.20 244.20 244.24 244.23 244.24 244.21 244.20 244.16 244.10 243.89
   3  54.400 227.26 227.28 227.29 227.36 227.37 227.37 227.35 227.36 227.42 227.45 227.50 227.46 227.50 227.46 227.53 227.53 227.58 227.56 227.58 227.57 227.58 227.59 227.58 227.61 227.55 227.56 227.48 227.49 227.37 227.18
   4  55.500 208.98 208.95 208.92 208.93 208.93 208.96 208.92 208.90 208.87 208.88 208.91 208.93 208.89 208.88 208.89 208.89 208.94 208.91 208.93 208.91 208.93 208.93 208.96 208.96 208.95 208.92 208.91 208.92 208.89 208.81
   5  57.290 204.96 204.97 204.93 204.87 204.80 204.76 204.72 204.69 204.63 204.58 204.55 204.58 204.55 204.55 204.50 204.48 204.49 204.51 204.55 204.57 204.57 204.57 204.60 204.65 204.69 204.68 204.70 204.70 204.73 204.75
   6  59.400 213.02 213.01 213.00 212.98 212.95 212.92 212.88 212.85 212.82 212.81 212.80 212.82 212.80 212.80 212.79 212.79 212.80 212.80 212.81 212.83 212.84 212.86 212.88 212.89 212.91 212.91 212.94 212.95 212.97 212.97
   7 150.000 161.18 161.49 161.74 161.47 161.84 162.03 162.13 161.98 162.31 162.28 162.55 162.61 162.52 162.60 162.46 162.92 162.81 162.95 162.78 162.67 162.29 162.81 162.87 162.57 162.73 162.64 162.57 162.24 162.86 162.04
   8 183.310 268.19 268.24 268.16 268.15 268.07 268.04 267.99 267.98 267.96 267.95 267.94 267.91 268.00 268.04 268.12 268.14 268.17 268.22 268.33 268.31 268.30 268.20 268.23 268.31 268.37 268.37 268.32 268.29 268.29 268.31
   9 183.310 259.10 259.12 259.10 259.06 259.00 258.96 258.93 258.89 258.93 258.89 258.87 258.89 258.96 258.99 259.05 259.10 259.13 259.19 259.26 259.24 259.19 259.18 259.22 259.27 259.25 259.26 259.21 259.19 259.19 259.20
  10 183.310 244.66 244.43 244.40 244.37 244.36 244.35 244.30 244.29 244.28 244.28 244.26 244.25 244.27 244.27 244.34 244.40 244.41 244.53 244.59 244.60 244.52 244.50 244.55 244.62 244.62 244.64 244.61 244.59 244.59 244.56
  11  19.350 136.35 136.97 137.26 137.51 137.60 137.57 137.64 137.76 137.62 137.76 137.82 137.89 137.50 137.54 137.56 137.57 137.46 137.53 137.53 137.60 137.48 137.42 137.53 137.39 137.44 137.36 137.44 137.56 137.50 137.49
  12  19.350 195.32 196.67 197.26 197.57 197.70 197.74 197.79 197.86 197.93 197.93 197.88 197.80 197.66 197.66 197.68 197.64 197.53 197.54 197.48 197.48 197.40 197.35 197.25 197.24 197.19 197.21 197.19 197.20 197.06 197.07
  13  22.235 228.78 229.74 230.24 230.51 230.69 230.79 230.81 230.89 230.88 230.89 230.93 230.85 230.78 230.79 230.83 230.73 230.64 230.67 230.56 230.61 230.54 230.42 230.30 230.23 230.23 230.24 230.25 230.22 230.20 230.16
  14  37.000 160.29 160.57 160.92 161.03 160.78 160.34 160.28 160.67 160.87 160.91 160.82 160.65 160.37 160.66 161.02 160.95 160.67 160.46 160.79 160.92 161.12 160.32 160.53 160.02 160.57 160.40 160.36 160.03 159.86 159.42
  15  37.000 217.52 217.54 217.49 217.47 217.50 217.54 217.60 217.62 217.52 217.49 217.57 217.59 217.48 217.42 217.38 217.47 217.39 217.50 217.44 217.43 217.24 217.22 217.20 217.19 217.08 216.97 216.76 216.59 216.03 214.54
  16  91.655 258.58 258.52 258.49 258.47 258.46 258.44 258.45 258.53 258.54 258.58 258.70 258.69 258.64 258.59 258.62 258.62 258.54 258.56 258.50 258.45 258.43 258.39 258.42 258.39 258.45 258.49 258.47 258.43 258.40 258.38
  17  91.655 234.75 234.85 234.86 234.83 234.86 234.80 234.98 235.18 235.22 235.28 235.58 235.62 235.66 235.69 235.64 235.52 235.29 235.35 235.33 235.35 235.35 235.35 235.18 234.97 235.11 235.17 235.23 235.23 235.18 235.05
  18  63.283 221.75 221.96 222.05 222.22 222.39 222.60 222.77 222.93 223.04 223.13 223.21 223.29 223.33 223.28 223.26 223.13 223.14 223.05 222.93 222.84 222.73 222.57 222.42 222.28 222.12 222.03 221.86 221.83 221.73 221.65
  19  60.793 201.82 201.98 202.19 202.38 202.58 202.86 203.08 203.31 203.47 203.62 203.80 203.90 203.98 203.96 203.99 203.92 203.88 203.74 203.58 203.44 203.25 203.04 202.80 202.59 202.37 202.21 202.05 201.97 201.83 201.75
  20  60.793 246.54 246.53 246.46 246.45 246.42 246.40 246.38 246.35 246.33 246.35 246.37 246.37 246.42 246.43 246.47 246.52 246.60 246.64 246.70 246.76 246.82 246.84 246.90 246.95 246.98 247.03 247.06 247.15 247.16 247.16
  21  60.793 251.24 251.22 251.15 251.14 251.12 251.09 251.07 251.04 251.05 251.10 251.11 251.11 251.12 251.11 251.13 251.16 251.17 251.20 251.22 251.24 251.28 251.29 251.35 251.39 251.41 251.44 251.45 251.50 251.52 251.53
  22  60.793 238.26 238.26 238.22 238.20 238.18 238.14 238.13 238.10 238.13 238.17 238.17 238.18 238.19 238.19 238.22 238.23 238.25 238.24 238.23 238.24 238.25 238.27 238.30 238.31 238.33 238.34 238.36 238.38 238.38 238.38
  23  60.793 224.78 224.73 224.66 224.63 224.66 224.57 224.54 224.45 224.49 224.52 224.54 224.48 224.48 224.47 224.54 224.56 224.57 224.52 224.48 224.52 224.55 224.61 224.60 224.59 224.56 224.61 224.67 224.73 224.75 224.74
